0
0
0
0
0
75
0
0
0
166
166
175
219
185
169
157
159
182
237
253
256
216
138
40
37
81
98
114
119
123
132
130
138
137
138
137
144
145
144
149
146
153
0
193
200
79
0
4
0
0
0
0
0
0
27
46
0
95
107
119
123
127
126
128
130
132
129
130
131
128
131
129
133
130
130
128
128
129
130
128
130
128
127
129
130
131
128
130
131
130
129
131
131
131
134
140
133
132
145
130
129
131
131
131
134
140
133
132
145
130
129
135
136
135
136
136
139
140
140
145
140
141
142
142
141
137
137
139
138
140
138
141
143
144
154
161
169
171
176
181
183
188
186
187
189
193
185
187
189
192
195
198
192
202
207
208
208
205
208
207
207
207
206
209
209
206
211
214
222
213
214
215
214
219
213
213
210
215
208
210

